11027 12330 1000
3872 0 5031 0
6407 0 6407 0
1005 8 1005 8
10662 14 10662 14
8269 30 8269 30
350 38 4982 38
2553 53 3670 53
894 59 2509 59
4717 68 9953 68
8638 83 8638 83
6221 84 6221 84
4131 85 4131 85
2983 104 9483 104
10190 120 10190 120
2711 134 6640 134
3518 146 8034 146
6684 162 8462 162
3865 168 3865 168
8029 185 8029 185
5058 198 5058 198
2340 207 2825 207
9299 220 9299 220
8688 232 8688 232
10192 244 10192 244
8680 260 8680 260
5323 267 5982 267
417 269 5532 269
6585 276 6585 276
1504 279 8491 279
7195 295 7195 295
7111 308 7111 308
1575 323 9825 323
2617 331 8642 331
8749 334 11011 334
2786 350 2786 350
5280 365 9041 365
5417 372 6053 372
3047 382 8412 382
5238 393 6403 393
2344 398 8570 398
7040 415 7040 415
7685 419 7685 419
9508 431 9508 431
9288 444 9288 444
2404 463 2404 463
4595 472 5758 472
9380 476 9380 476
1577 481 4868 481
2750 484 7235 484
1237 486 5005 486
9477 493 9477 493
8346 500 8346 500
1728 513 4972 513
4245 523 4245 523
5180 536 5180 536
4541 538 6035 538
5516 551 10097 551
5285 563 9885 563
10020 569 10020 569
2400 581 3021 581
3419 588 5988 588
4927 599 8136 599
8816 603 8816 603
4123 604 8935 604
9891 615 10227 615
4778 617 5644 617
359 635 8331 635
11019 635 11019 635
10947 645 10947 645
4692 645 6818 645
346 648 9783 648
8671 655 9435 655
6453 656 8702 656
5910 675 9489 675
3887 687 7664 687
871 692 9612 692
10174 705 10174 705
9340 705 9340 705
6408 715 6408 715
10587 726 10587 726
8501 737 8501 737
6060 756 6060 756
7279 756 7297 756
3513 761 5253 761
1246 762 1246 762
3776 773 9600 773
6792 776 9517 776
620 778 3372 778
613 779 5993 779
907 787 9424 787
8998 806 8998 806
6012 821 8218 821
6234 826 6234 826
4663 837 9992 837
5475 851 6463 851
8934 869 8934 869
8807 875 9708 875
5420 882 10179 882
1325 901 10402 901
362 907 8760 907
820 912 1725 912
6574 918 7701 918
10607 927 10607 927
9742 935 9742 935
273 946 985 946
4252 952 5803 952
5323 963 10678 963
2344 965 3611 965
7629 969 8665 969
916 981 6474 981
2840 983 7712 983
1766 990 3449 990
5837 1005 6353 1005
1725 1022 4327 1022
4981 1036 6191 1036
1365 1052 1365 1052
844 1069 1160 1069
6220 1076 8098 1076
1949 1086 8518 1086
8027 1088 8027 1088
8024 1099 10714 1099
3721 1118 5609 1118
2649 1130 2649 1130
8004 1146 8725 1146
10228 1150 10228 1150
7034 1155 7034 1155
10581 1170 10581 1170
2226 1181 10291 1181
2731 1183 9599 1183
10013 1195 10013 1195
5172 1204 5172 1204
702 1208 10560 1208
222 1215 222 1215
3747 1218 7922 1218
10632 1221 10632 1221
2744 1221 4792 1221
7322 1233 11009 1233
2467 1252 5597 1252
9072 1263 9072 1263
4804 1281 4804 1281
2654 1290 5182 1290
3783 1292 9529 1292
4342 1298 4342 1298
7848 1310 9723 1310
10128 1318 10156 1318
2578 1325 2787 1325
8723 1331 8723 1331
2708 1334 6525 1334
6529 1346 6529 1346
2736 1362 5498 1362
7835 1376 7835 1376
201 1377 10704 1377
7542 1377 9269 1377
1706 1386 5197 1386
10208 1398 10812 1398
10698 1414 10698 1414
9775 1418 9775 1418
5818 1428 6047 1428
538 1431 9348 1431
8427 1449 8427 1449
6446 1463 6446 1463
4117 1481 4117 1481
2016 1482 2648 1482
7998 1488 9200 1488
5757 1489 5757 1489
5844 1490 5844 1490
5979 1501 5979 1501
1649 1501 4563 1501
2387 1504 7600 1504
9526 1511 9526 1511
2903 1514 7040 1514
10773 1518 10773 1518
8878 1526 8878 1526
2463 1536 2463 1536
3103 1549 3161 1549
2412 1560 5948 1560
2488 1570 5890 1570
10129 1585 10129 1585
4879 1590 4879 1590
9372 1592 10167 1592
6434 1610 6434 1610
10085 1622 10085 1622
5793 1622 5793 1622
10216 1630 10216 1630
2034 1641 9120 1641
2770 1654 8097 1654
8463 1667 8463 1667
6726 1681 6726 1681
4680 1700 10815 1700
8739 1704 8739 1704
4751 1706 4751 1706
4463 1716 9580 1716
1415 1719 9741 1719
5190 1736 9751 1736
7567 1752 7567 1752
8520 1768 8520 1768
8742 1774 8742 1774
3985 1792 3985 1792
9225 1808 9225 1808
5066 1815 9690 1815
3818 1820 4087 1820
133 1830 1622 1830
8695 1832 10195 1832
2992 1836 10222 1836
944 1844 3451 1844
6767 1860 6767 1860
9981 1862 9981 1862
8587 1865 8587 1865
8213 1873 9029 1873
2648 1880 9334 1880
4161 1881 4161 1881
2467 1883 5112 1883
5779 1895 9076 1895
5090 1899 5090 1899
7801 1913 10025 1913
2217 1915 5955 1915
3273 1925 8036 1925
2298 1929 9564 1929
10819 1931 10819 1931
1084 1938 3008 1938
10583 1956 10583 1956
6264 1967 7797 1967
4819 1975 6180 1975
6096 1987 6096 1987
1320 1992 7857 1992
6823 2001 6823 2001
6111 2014 7539 2014
276 2025 7131 2025
6245 2032 6245 2032
3865 2051 9719 2051
8443 2060 8443 2060
7585 2070 7585 2070
7668 2083 7668 2083
1065 2098 8853 2098
7759 2108 7759 2108
8086 2123 8086 2123
3033 2124 4309 2124
8622 2124 10905 2124
10710 2139 10710 2139
2313 2143 3381 2143
8255 2150 8255 2150
10476 2154 10476 2154
8851 2154 8851 2154
7926 2160 7926 2160
3564 2170 3765 2170
1203 2170 5745 2170
10798 2179 10798 2179
1239 2190 2898 2190
2311 2196 4501 2196
4889 2202 9035 2202
9973 2217 9973 2217
9567 2227 9567 2227
4449 2235 10165 2235
2809 2236 4699 2236
1322 2254 5939 2254
3014 2256 7268 2256
9205 2271 9205 2271
798 2280 9356 2280
6276 2287 6276 2287
3727 2301 10257 2301
9913 2317 9913 2317
4951 2333 10586 2333
10378 2349 10378 2349
10177 2349 10177 2349
9445 2361 9445 2361
5147 2369 9420 2369
5431 2371 5577 2371
10219 2378 10219 2378
10744 2379 10744 2379
3816 2380 7462 2380
10005 2391 10005 2391
9080 2409 9080 2409
4758 2411 4758 2411
8888 2417 8888 2417
1465 2434 5103 2434
9221 2448 9221 2448
3597 2460 3597 2460
4393 2460 4393 2460
9280 2461 9280 2461
5930 2469 5930 2469
48 2486 9046 2486
2619 2489 2619 2489
1846 2489 6360 2489
6765 2500 6922 2500
1132 2515 8268 2515
6960 2523 6960 2523
2798 2541 9497 2541
2627 2559 7990 2559
5511 2560 7096 2560
9853 2570 9853 2570
8570 2570 8570 2570
8526 2588 8526 2588
5311 2600 5311 2600
9316 2612 9316 2612
7675 2616 7675 2616
9167 2621 9167 2621
5043 2630 5043 2630
4018 2649 10753 2649
9331 2655 9331 2655
6233 2666 8222 2666
3362 2679 6886 2679
3022 2680 3022 2680
9196 2690 9196 2690
6877 2708 6877 2708
253 2722 10853 2722
3488 2723 3488 2723
10908 2735 10908 2735
937 2738 5554 2738
4402 2742 6194 2742
2749 2757 4526 2757
5068 2760 5068 2760
10292 2779 10292 2779
7862 2794 7862 2794
7493 2809 7493 2809
6384 2810 9646 2810
10832 2816 10832 2816
9890 2831 9890 2831
9110 2841 9110 2841
3995 2855 3995 2855
7070 2871 9179 2871
2582 2875 2582 2875
1031 2884 5272 2884
5076 2891 6818 2891
4727 2900 4727 2900
3926 2904 9860 2904
1776 2921 5125 2921
1246 2938 6492 2938
7574 2955 9015 2955
10923 2960 10923 2960
8620 2961 8620 2961
7939 2967 8711 2967
3455 2971 4555 2971
9405 2983 9405 2983
8805 2985 8805 2985
6853 2989 8746 2989
873 2996 10306 2996
7123 2998 7740 2998
9098 3006 9098 3006
2837 3022 3195 3022
1049 3022 6801 3022
9628 3031 9628 3031
10272 3038 10272 3038
8567 3047 8567 3047
4307 3065 4307 3065
4439 3068 4439 3068
7963 3081 7963 3081
1713 3087 1713 3087
8807 3091 8807 3091
1307 3092 7694 3092
3196 3109 3196 3109
7306 3117 7306 3117
4373 3131 8290 3131
2439 3135 2630 3135
4476 3135 4476 3135
246 3138 5211 3138
5148 3151 5148 3151
625 3170 4681 3170
3463 3175 9303 3175
10049 3194 10049 3194
3771 3199 3771 3199
137 3207 7668 3207
6345 3217 6345 3217
2730 3223 5234 3223
777 3231 6164 3231
6747 3246 6747 3246
6789 3255 6789 3255
9191 3260 9191 3260
4187 3261 5404 3261
5060 3280 5060 3280
5960 3297 5960 3297
15 3316 5585 3316
7131 3317 9737 3317
5671 3330 5671 3330
400 3340 5323 3340
4429 3345 8584 3345
5766 3350 5840 3350
371 3356 9095 3356
1698 3359 1985 3359
1634 3374 7593 3374
10181 3378 10181 3378
5597 3379 5597 3379
9383 3396 10766 3396
710 3402 6102 3402
9436 3404 9436 3404
6237 3416 10747 3416
5350 3419 10138 3419
2071 3433 3839 3433
2204 3439 3817 3439
6734 3457 6734 3457
5972 3458 6631 3458
7110 3472 9757 3472
2513 3476 8159 3476
10414 3485 10414 3485
5765 3487 7531 3487
8494 3497 10318 3497
8200 3503 8200 3503
1689 3504 1689 3504
7257 3510 10687 3510
8948 3515 8948 3515
2608 3528 2608 3528
5972 3545 5972 3545
5898 3547 5898 3547
5436 3559 5436 3559
6438 3565 6438 3565
6419 3581 6419 3581
5253 3586 5253 3586
7627 3592 7627 3592
6699 3603 8320 3603
6638 3611 10126 3611
7237 3630 7237 3630
495 3634 6154 3634
3725 3636 3725 3636
3896 3642 6830 3642
7273 3646 7273 3646
2824 3664 2824 3664
994 3668 994 3668
3872 3685 3872 3685
8747 3689 8747 3689
9176 3704 9176 3704
10759 3706 10759 3706
5929 3722 7608 3722
5072 3731 5072 3731
5242 3733 5242 3733
4532 3752 4532 3752
3307 3753 9943 3753
1364 3753 3973 3753
10163 3772 10163 3772
4295 3787 8314 3787
4401 3799 4401 3799
3238 3807 6105 3807
5568 3815 7675 3815
10364 3817 10364 3817
103 3828 9011 3828
7586 3840 7586 3840
2950 3843 5241 3843
8678 3847 8678 3847
8510 3854 8510 3854
6302 3866 6302 3866
8324 3873 9300 3873
5518 3889 8306 3889
274 3897 612 3897
7287 3903 7287 3903
5955 3916 9065 3916
1605 3935 7927 3935
3576 3948 3846 3948
2380 3957 6851 3957
6822 3967 6822 3967
7962 3969 10842 3969
7051 3975 7051 3975
7547 3992 9812 3992
1039 3998 6150 3998
3223 4005 8563 4005
8438 4023 8438 4023
703 4023 9227 4023
4097 4031 8951 4031
6230 4047 6230 4047
5041 4050 5244 4050
8807 4060 8807 4060
5041 4075 6160 4075
1112 4085 9581 4085
9368 4093 10136 4093
1706 4110 4013 4110
7701 4121 9542 4121
4891 4129 4891 4129
8976 4147 8976 4147
8514 4150 8514 4150
436 4150 10626 4150
3155 4156 9970 4156
3303 4158 3303 4158
10304 4172 10304 4172
3695 4182 8856 4182
7013 4194 7013 4194
2501 4208 7944 4208
5736 4220 5736 4220
6216 4223 6216 4223
5667 4225 5667 4225
7042 4242 10932 4242
3766 4249 9721 4249
2184 4266 9516 4266
10185 4280 10185 4280
5195 4288 5195 4288
3222 4299 3222 4299
3535 4310 3535 4310
7849 4311 7849 4311
7865 4318 8369 4318
7064 4326 7064 4326
10343 4344 10343 4344
9451 4349 9451 4349
9150 4365 9150 4365
9179 4371 9540 4371
4373 4382 8148 4382
1011 4401 5923 4401
4234 4407 4234 4407
2782 4410 7200 4410
9271 4414 9271 4414
2778 4426 2778 4426
621 4431 9965 4431
3734 4433 3734 4433
8367 4440 8367 4440
2564 4457 6395 4457
9016 4457 9016 4457
6134 4458 10891 4458
10213 4476 10213 4476
305 4488 710 4488
594 4503 6967 4503
4663 4519 7737 4519
2168 4523 2168 4523
7445 4534 9414 4534
10164 4537 10164 4537
2296 4556 7796 4556
9334 4559 9334 4559
5855 4567 5855 4567
8600 4578 8600 4578
6771 4597 7159 4597
399 4600 8093 4600
9806 4606 9806 4606
2936 4618 8888 4618
8820 4621 8820 4621
6460 4634 6460 4634
2241 4636 3809 4636
8618 4647 9628 4647
3183 4664 3183 4664
10971 4676 10971 4676
7690 4682 7690 4682
4124 4692 4124 4692
10444 4695 10444 4695
1133 4703 6125 4703
5251 4708 5286 4708
7113 4721 9119 4721
9166 4732 9166 4732
7049 4744 7049 4744
8659 4752 8659 4752
5193 4766 6067 4766
7952 4777 7952 4777
9136 4780 9136 4780
3572 4799 9357 4799
3960 4818 4753 4818
4022 4821 10116 4821
8952 4838 8952 4838
119 4853 427 4853
3219 4855 9182 4855
4036 4860 8082 4860
1205 4872 7258 4872
10575 4878 10989 4878
6211 4892 9931 4892
5956 4894 5956 4894
647 4910 6323 4910
6630 4914 6630 4914
9147 4927 9536 4927
6150 4933 6150 4933
4313 4947 8242 4947
10234 4960 10234 4960
6907 4977 6907 4977
1053 4996 10097 4996
7881 4996 7881 4996
3501 5000 6627 5000
7860 5015 10664 5015
10790 5020 10790 5020
3834 5028 4136 5028
8578 5035 8578 5035
6096 5048 9618 5048
5840 5056 10311 5056
187 5064 4524 5064
3413 5083 6582 5083
8953 5098 8953 5098
1327 5115 1327 5115
10166 5132 10166 5132
7983 5137 7983 5137
10739 5142 10963 5142
1954 5152 6954 5152
10910 5171 10910 5171
10352 5188 10510 5188
3971 5191 4574 5191
7569 5192 7569 5192
2169 5207 10935 5207
1905 5213 6339 5213
8478 5222 8478 5222
7842 5241 9150 5241
4238 5244 9054 5244
7592 5262 7592 5262
2071 5279 7681 5279
2774 5280 7439 5280
1354 5283 2751 5283
1470 5291 5346 5291
6927 5297 7158 5297
806 5300 806 5300
2487 5313 3926 5313
4591 5317 8566 5317
8041 5319 8041 5319
3551 5327 3551 5327
2084 5333 5229 5333
5006 5347 5006 5347
7430 5365 7430 5365
6054 5371 9612 5371
5423 5372 9203 5372
1342 5382 3865 5382
10394 5398 10394 5398
7824 5401 7824 5401
9844 5405 9844 5405
683 5408 7934 5408
7186 5422 7186 5422
6760 5429 10527 5429
5385 5434 7217 5434
605 5435 2299 5435
1911 5453 7463 5453
3999 5455 3999 5455
1068 5473 1397 5473
8208 5480 8208 5480
2618 5482 7102 5482
7907 5490 7907 5490
2079 5494 2079 5494
934 5495 5017 5495
7133 5496 7385 5496
5964 5512 8570 5512
3929 5526 6769 5526
4257 5541 4257 5541
1264 5550 8679 5550
8742 5561 10247 5561
4458 5574 6994 5574
6702 5592 6702 5592
1762 5602 6466 5602
4595 5612 7806 5612
10914 5612 10914 5612
4819 5615 6106 5615
10025 5626 10025 5626
9270 5635 9270 5635
10232 5635 10232 5635
8524 5637 8524 5637
4419 5650 7195 5650
9700 5650 9700 5650
1329 5658 1763 5658
7970 5674 7970 5674
1993 5675 1993 5675
2245 5685 6087 5685
3660 5699 3907 5699
10614 5714 10614 5714
2988 5724 3147 5724
10654 5726 10654 5726
5413 5727 5413 5727
9719 5741 9719 5741
9636 5747 10645 5747
10221 5762 10221 5762
10351 5774 10351 5774
9002 5790 9002 5790
55 5806 8065 5806
5104 5813 7062 5813
3346 5818 4159 5818
10112 5826 10112 5826
3069 5836 3069 5836
8229 5837 8229 5837
4319 5839 4319 5839
6601 5842 8893 5842
3515 5842 9973 5842
10658 5855 10658 5855
8576 5863 8576 5863
1686 5872 2924 5872
1214 5881 4187 5881
2111 5882 7785 5882
3744 5892 3744 5892
9065 5898 9065 5898
1766 5911 7520 5911
3474 5917 3474 5917
7785 5922 7785 5922
8011 5930 8011 5930
2368 5933 7851 5933
3487 5946 4806 5946
7959 5958 7959 5958
4263 5962 8459 5962
6620 5978 6620 5978
4615 5989 5918 5989
8618 5999 8618 5999
4081 6013 9201 6013
5873 6021 5873 6021
6014 6035 6014 6035
3102 6052 7892 6052
347 6067 10117 6067
5162 6074 5162 6074
3844 6083 5210 6083
10208 6089 10208 6089
5281 6090 8862 6090
3516 6109 3516 6109
2884 6119 8920 6119
5597 6122 8277 6122
1450 6140 8480 6140
9920 6148 9920 6148
592 6158 4079 6158
3643 6174 3643 6174
7311 6187 7311 6187
862 6187 862 6187
3095 6192 8240 6192
57 6193 9217 6193
10466 6195 10466 6195
7580 6211 7580 6211
546 6218 8824 6218
5199 6229 9882 6229
7409 6232 7409 6232
5191 6236 5191 6236
2010 6243 2178 6243
1680 6253 5452 6253
2221 6264 9932 6264
7255 6283 7255 6283
9990 6297 9990 6297
1337 6303 4079 6303
6345 6318 9494 6318
10607 6336 10607 6336
7387 6338 9866 6338
772 6351 772 6351
10390 6353 10390 6353
8417 6354 9149 6354
10314 6361 10314 6361
9991 6368 9991 6368
5696 6369 8259 6369
4567 6386 4567 6386
5222 6396 9548 6396
3386 6404 4958 6404
1092 6423 7143 6423
1289 6436 9312 6436
905 6437 4210 6437
992 6452 6011 6452
7638 6454 7638 6454
6854 6465 6854 6465
6563 6483 8275 6483
4213 6498 6917 6498
10221 6501 10221 6501
10696 6501 10696 6501
4840 6509 4840 6509
10592 6511 10592 6511
7808 6525 9060 6525
6793 6536 6793 6536
10209 6551 10209 6551
2331 6566 2331 6566
2875 6575 2875 6575
4462 6575 9065 6575
1175 6577 4990 6577
3607 6586 3607 6586
4549 6603 6680 6603
10421 6615 10421 6615
2261 6617 3203 6617
4658 6631 4658 6631
9729 6633 9729 6633
591 6652 8150 6652
2798 6653 5341 6653
7468 6667 8756 6667
10680 6676 10680 6676
7636 6683 7636 6683
4208 6687 9779 6687
6095 6687 6095 6687
5051 6698 8829 6698
7163 6705 7163 6705
8881 6714 8881 6714
3367 6726 9521 6726
5077 6738 10379 6738
5186 6753 5186 6753
5047 6765 10454 6765
2424 6771 8314 6771
6852 6779 6852 6779
4132 6797 5907 6797
2396 6806 2396 6806
4835 6821 5672 6821
7458 6837 7458 6837
2956 6853 6026 6853
4646 6871 9283 6871
8906 6888 9179 6888
6888 6897 6888 6897
1991 6911 4706 6911
9371 6928 9371 6928
10651 6931 10651 6931
5391 6948 7432 6948
3003 6963 8450 6963
9516 6971 9516 6971
6689 6977 7142 6977
3064 6979 5247 6979
10654 6996 10654 6996
7861 7003 9163 7003
3400 7021 3400 7021
5132 7033 5132 7033
3184 7052 7831 7052
9364 7054 9364 7054
2676 7067 8588 7067
3161 7084 3161 7084
6440 7099 10170 7099
3924 7107 5722 7107
9810 7116 9810 7116
9048 7119 9048 7119
3985 7130 6714 7130
603 7137 1034 7137
3988 7153 8208 7153
10928 7154 10928 7154
8390 7167 8390 7167
5167 7181 5167 7181
9518 7181 9518 7181
10051 7187 10051 7187
250 7188 949 7188
5121 7204 5121 7204
941 7223 6370 7223
3981 7234 9363 7234
9652 7252 9652 7252
5665 7253 5890 7253
3908 7262 3908 7262
10298 7264 10298 7264
6604 7271 6604 7271
3677 7285 5919 7285
2330 7293 9777 7293
6210 7304 6210 7304
7161 7314 9600 7314
478 7327 4981 7327
7129 7346 7129 7346
1448 7348 2062 7348
2864 7361 6432 7361
6033 7363 6033 7363
6419 7369 6419 7369
7711 7370 9104 7370
6445 7379 9492 7379
2064 7391 5672 7391
5270 7404 5270 7404
2583 7408 10682 7408
10826 7424 10826 7424
4509 7435 4509 7435
314 7447 4633 7447
965 7450 4737 7450
5927 7460 5927 7460
6284 7474 6284 7474
10395 7476 10395 7476
4545 7483 10197 7483
4696 7498 4696 7498
6941 7502 6941 7502
3116 7503 7067 7503
7893 7522 7893 7522
9605 7534 9605 7534
6922 7546 7376 7546
4601 7551 4601 7551
5647 7555 5647 7555
6784 7570 8621 7570
10714 7583 10714 7583
10135 7586 10942 7586
4489 7594 9997 7594
6957 7600 6957 7600
3590 7614 3994 7614
2871 7631 5804 7631
8317 7638 8317 7638
7065 7644 10145 7644
113 7661 1959 7661
10847 7672 10847 7672
10896 7684 10896 7684
7658 7700 7658 7700
822 7718 3318 7718
4701 7718 4701 7718
7864 7724 7864 7724
10994 7725 10994 7725
4173 7729 4173 7729
5584 7747 10824 7747
295 7756 9357 7756
5119 7760 5119 7760
3364 7763 10671 7763
1171 7765 10659 7765
7707 7780 7707 7780
25 7797 8262 7797
4543 7813 4543 7813
10876 7816 10876 7816
10391 7822 10391 7822
9933 7833 9933 7833
2661 7841 2661 7841
10389 7854 10389 7854
5940 7866 8912 7866
10920 7877 10920 7877
1531 7882 7761 7882
8399 7883 8399 7883
5363 7900 7885 7900
175 7906 5741 7906
10605 7913 10605 7913
4537 7925 5028 7925
7729 7937 9586 7937
5226 7939 10635 7939
6720 7950 9671 7950
1367 7958 1367 7958
5310 7967 5310 7967
4963 7980 7906 7980
1580 7982 7753 7982
8958 8000 8958 8000
10282 8013 10282 8013
565 8032 5116 8032
7248 8033 7248 8033
4436 8034 10476 8034
1133 8053 7621 8053
9376 8058 9376 8058
8285 8073 8285 8073
4936 8087 6637 8087
10543 8093 10837 8093
2810 8093 3667 8093
640 8107 8461 8107
10301 8120 10301 8120
5208 8127 5208 8127
3351 8134 4627 8134
6438 8140 9795 8140
3895 8159 5434 8159
10319 8172 10319 8172
3473 8173 5824 8173
9816 8179 9816 8179
9531 8184 9531 8184
6288 8198 9465 8198
3188 8212 5807 8212
8387 8220 10476 8220
914 8220 4018 8220
10106 8224 10106 8224
7975 8228 10679 8228
6077 8236 8837 8236
8837 8250 8837 8250
6312 8254 10647 8254
9392 8254 9392 8254
9577 8258 9577 8258
4799 8261 4799 8261
987 8263 8458 8263
8144 8265 8144 8265
9489 8268 9489 8268
5534 8283 5534 8283
6806 8292 6806 8292
5172 8301 6352 8301
4015 8320 4015 8320
9255 8336 9255 8336
10440 8341 10440 8341
7334 8344 9374 8344
8412 8363 8412 8363
1095 8363 10476 8363
8216 8373 9083 8373
8807 8378 8807 8378
3838 8395 6699 8395
8467 8396 8467 8396
2563 8415 2946 8415
2059 8417 6584 8417
3164 8433 8450 8433
7110 8444 8318 8444
6061 8448 10471 8448
5028 8454 9547 8454
9089 8455 9089 8455
396 8456 3419 8456
10513 8472 10513 8472
3964 8489 4304 8489
9988 8500 9988 8500
2119 8515 5877 8515
9483 8524 9483 8524
4643 8540 4643 8540
1145 8544 7269 8544
8990 8563 8990 8563
186 8571 5235 8571
6965 8576 7777 8576
3587 8578 3587 8578
8800 8581 9793 8581
10951 8593 10951 8593
5217 8595 6981 8595
10148 8601 10148 8601
9332 8608 10110 8608
140 8619 2646 8619
7330 8631 7330 8631
5210 8638 5210 8638
7301 8640 7301 8640
3853 8644 3853 8644
6575 8661 6575 8661
6045 8672 6045 8672
1208 8690 10876 8690
6230 8709 7110 8709
1691 8726 6336 8726
927 8728 927 8728
8026 8747 8026 8747
4499 8761 4499 8761
10566 8773 10566 8773
6355 8775 6355 8775
7053 8794 7053 8794
10709 8804 10779 8804
3033 8808 7360 8808
6710 8810 6710 8810
5615 8810 5615 8810
9863 8811 9863 8811
647 8816 7596 8816
268 8821 7698 8821
2144 8840 10408 8840
1390 8851 8116 8851
2794 8868 2794 8868
3414 8870 3414 8870
6352 8879 7174 8879
8229 8898 10165 8898
6853 8911 7720 8911
6031 8913 6031 8913
8639 8927 8639 8927
817 8935 8146 8935
7322 8946 7322 8946
279 8952 7531 8952
737 8964 5119 8964
10666 8972 10666 8972
4104 8978 9672 8978
5110 8988 6205 8988
10349 8989 10349 8989
7148 9005 7148 9005
8173 9005 8173 9005
10873 9014 10873 9014
10742 9027 10742 9027
2134 9027 2134 9027
7736 9042 7736 9042
9653 9044 9653 9044
768 9047 768 9047
7178 9063 7178 9063
0 0 0
